0 5 187
1 335 218
2 335 12
3 172 120
4 92 334
5 80 42
6 335 383
7 123 394
8 123 145
9 36 134
10 168 204
11 241 322
12 44 90
13 262 98
14 311 291
15 270 171
16 210 28
17 378 224
18 0 293
19 278 41
20 364 74
21 341 7
22 248 213
23 32 350
24 280 292
25 202 182
26 277 272
27 300 387
28 271 346
29 378 295
30 383 328
31 12 113
32 256 89
33 357 160
34 143 129
35 268 269
36 321 97
37 219 354
38 141 348
39 47 146
40 115 45
41 123 176
42 93 276
43 203 361
44 395 383
45 43 336
46 326 244
47 317 177
48 345 115
49 37 165
50 34 308
51 383 382
52 197 127
53 384 116
54 126 373
55 83 142
56 303 151
57 56 62
58 154 286
59 253 336
60 167 59
61 40 116
62 199 11
63 151 340
64 376 332
65 211 125
66 373 312
67 88 313
68 282 313
69 121 99
70 200 313
71 63 57
72 40 113
73 312 153
74 343 186
75 283 359
76 248 320
77 148 367
78 252 333
79 336 266
80 226 235
81 307 357
82 395 222
83 323 40
84 205 120
85 127 78
86 222 90
87 367 334
88 222 245
89 221 15
90 95 246
91 13 372
92 140 200
93 32 317
94 149 35
95 65 141
96 129 23
97 87 369
98 232 30
99 266 365
100 271 55
101 376 335
102 4 157
103 359 100
104 52 30
105 71 120
106 385 352
107 110 269
108 68 253
109 235 109
110 385 171
111 225 338
112 48 202
113 232 310
114 139 70
115 40 1
116 279 185
117 62 237
118 238 339
119 1 8
120 215 88
121 307 398
122 359 381
123 382 185
124 161 144
125 376 207
126 135 60
127 193 371
128 215 120
129 349 179
130 50 190
131 92 38
132 315 277
133 47 399
134 138 335
135 256 8
136 39 37
137 103 295
138 385 380
139 30 96
140 164 145
141 214 365
142 370 123
143 238 292
144 39 82
145 22 340
146 134 228
147 377 276
148 43 16
149 295 193
150 286 29
151 36 344
152 174 298
153 274 77
154 288 22
155 177 300
156 326 84
157 55 360
158 255 150
159 225 183
160 136 203
161 252 203
162 208 387
163 77 161
164 325 67
165 389 118
166 106 127
167 145 178
168 282 371
169 153 177
170 174 342
171 0 389
172 148 214
173 32 399
174 306 145
175 387 318
176 347 347
177 230 249
178 42 347
179 132 355
180 83 166
181 37 56
182 364 165
183 356 135
184 88 267
185 316 50
186 150 355
187 58 98
188 238 153
189 67 246
190 138 292
191 314 299
192 54 143
193 136 149
194 277 8
195 347 387
196 208 89
197 206 171
198 236 161
199 108 145
200 258 300
201 45 294
202 330 117
203 117 234
204 223 73
205 137 356
206 324 204
207 69 71
208 79 117
209 164 216
210 30 70
211 227 366
212 253 75
213 368 371
214 91 74
215 314 51
216 368 95
217 184 347
218 382 317
219 209 128
220 63 370
221 143 2
222 361 147
223 272 195
224 159 144
225 59 343
226 366 153
227 257 51
228 47 81
229 317 12
230 347 1
231 108 87
232 18 335
233 193 394
234 31 211
235 16 193
236 89 7
237 85 51
238 262 113
239 205 248
240 295 99
241 66 47
242 251 62
243 15 254
244 96 301
245 278 59
246 14 168
247 210 393
248 260 215
249 129 359
250 392 41
251 295 172
252 399 127
253 12 327
254 284 78
255 150 150
256 390 260
257 45 345
258 57 171
259 385 250
260 163 284
261 234 173
262 18 182
263 177 282
264 117 387
265 115 380
266 337 344
267 23 26
268 314 119
269 240 27
270 202 374
271 272 115
272 153 323
273 13 209
274 275 180
275 104 45
276 364 35
277 160 395
278 367 4
279 219 136
280 331 335
281 176 66
282 317 271
283 265 232
284 329 138
285 26 151
286 397 220
287 162 305
288 256 40
289 119 173
290 95 240
291 266 222
292 387 291
293 116 299
294 399 64
295 196 14
296 84 331
297 184 166
298 232 339
299 188 278
300 157 381
301 92 165
302 364 40
303 75 215
304 375 332
305 367 204
306 129 295
307 317 345
308 251 237
309 172 259
310 306 358
311 301 324
312 372 388
313 221 233
314 69 191
315 348 22
316 359 217
317 351 128
318 166 93
319 29 113
320 277 302
321 2 140
322 244 371
323 54 285
324 197 178
325 249 191
326 145 277
327 299 157
328 279 313
329 110 291
330 360 239
331 55 204
332 224 234
333 155 335
334 396 50
335 152 326
336 346 233
337 68 269
338 359 17
339 213 47
340 335 73
341 296 343
342 278 247
343 162 92
344 295 72
345 347 245
346 285 64
347 268 49
348 118 34
349 291 115
350 98 4
351 97 219
352 25 96
353 113 10
354 201 341
355 312 272
356 378 182
357 348 214
358 279 342
359 399 316
360 353 90
361 71 270
362 143 356
363 341 340
364 383 142
365 120 168
366 65 147
367 39 26
368 104 2
369 343 141
370 154 245
371 255 393
372 302 327
373 79 259
374 213 337
375 327 298
376 373 36
377 154 228
378 121 185
379 355 94
380 338 393
381 114 325
382 248 375
383 108 65
384 175 243
385 27 182
386 5 188
387 240 359
388 186 175
389 16 52
390 105 82
391 132 255
392 48 372
393 30 142
394 99 228
395 235 287
396 57 95
397 272 198
398 136 105
399 17 221
400 9 285
401 199 39
402 314 156
403 354 198
404 3 323
405 33 261
406 143 80
407 395 234
408 228 77
409 311 185
410 221 386
411 161 197
412 163 208
413 274 97
414 112 107
415 6 11
416 20 341
417 202 71
418 42 141
419 137 79
420 155 205
421 7 167
422 163 59
423 182 357
424 342 73
425 335 367
426 146 357
427 162 381
428 171 276
429 91 165
430 101 395
431 36 152
432 244 7
433 320 141
434 125 306
435 265 321
436 137 196
437 277 48
438 243 274
439 9 318
440 260 46
441 220 183
442 178 160
443 220 73
444 97 392
445 39 78
446 347 269
447 389 63
448 88 306
449 394 22
450 162 210
451 173 93
452 246 126
453 87 329
454 366 157
455 316 343
456 5 9
457 359 288
458 125 292
459 264 0
460 233 351
461 83 370
462 270 271
463 289 184
464 323 185
465 48 92
466 65 351
467 223 9
468 118 234
469 298 77
470 158 194
471 142 144
472 267 21
473 233 102
474 261 182
475 0 0
476 332 308
477 20 35
478 355 195
479 110 157
480 38 88
481 389 85
482 361 329
483 1 108
484 378 51
485 397 386
486 60 354
487 121 205
488 78 115
489 240 219
490 227 20
491 173 244
492 160 280
493 31 62
494 314 77
495 246 78
496 114 358
497 112 312
498 4 72
499 24 45
500 147 112
501 304 170
502 91 354
503 385 43
504 64 12
505 346 47
506 27 149
507 37 22
508 251 23
509 135 296
510 135 387
511 390 275
512 364 23
513 159 241
514 17 71
515 38 208
516 224 129
517 15 186
518 245 188
519 260 130
520 366 6
521 229 115
522 235 144
523 204 156
524 286 191
525 157 80
526 160 210
527 184 252
528 236 95
529 333 203
530 161 351
531 125 336
532 126 193
533 384 278
534 301 46
535 355 364
536 273 198
537 391 65
538 142 261
539 321 272
540 381 138
541 40 106
542 87 381
543 178 286
544 267 308
545 190 391
546 206 143
547 43 292
548 187 2
549 399 129
550 128 343
551 308 167
552 269 397
553 143 334
554 124 68
555 80 48
556 384 303
557 304 319
558 113 318
559 270 137
560 105 108
561 301 398
562 283 389
563 286 30
564 325 158
565 293 6
566 5 382
567 383 78
568 290 13
569 379 117
570 131 359
571 184 227
572 100 232
573 351 172
574 47 347
575 341 365
576 257 5
577 212 377
578 366 373
579 313 55
580 326 323
581 380 369
582 103 215
583 304 154
584 333 334
585 288 48
586 211 101
587 281 85
588 199 149
589 185 85
590 323 2
591 11 387
592 327 97
593 393 209
594 239 172
595 238 53
596 377 329
597 32 82
598 230 345
599 29 70
600 317 49
601 27 20
602 60 209
603 344 256
604 54 88
605 231 118
606 175 389
607 255 13
608 228 113
609 319 248
610 137 111
611 272 28
612 134 44
613 189 314
614 242 122
615 140 203
616 380 163
617 204 211
618 360 297
619 387 227
620 158 184
621 47 155
622 110 117
623 334 288
624 119 220
625 359 322
626 216 15
627 0 249
628 347 31
629 175 348
630 143 65
631 51 381
632 18 5
633 241 185
634 221 266
635 26 102
636 90 248
637 87 383
638 260 198
639 231 23
640 21 277
641 245 227
642 228 337
643 204 46
644 3 214
645 260 17
646 395 272
647 126 311
648 39 199
649 266 328
650 28 76
651 365 116
652 86 84
653 29 29
654 358 254
655 354 70
656 201 23
657 229 174
658 284 183
659 60 253
660 73 8
661 251 105
662 280 85
663 220 371
664 282 168
665 295 77
666 323 279
667 376 24
668 25 113
669 249 25
670 29 30
671 91 49
672 105 138
673 201 348
674 36 185
675 100 217
676 9 366
677 30 376
678 122 134
679 75 182
680 94 44
681 340 119
682 107 45
683 308 5
684 251 295
685 139 386
686 134 209
687 147 178
688 78 330
689 192 79
690 183 282
691 243 155
692 183 352
693 114 149
694 65 370
695 162 364
696 243 284
697 165 290
698 364 384
699 375 343
700 283 199
701 193 284
702 207 203
703 182 315
704 81 174
705 106 230
706 306 65
707 263 66
708 107 17
709 223 243
710 318 120
711 149 155
712 248 308
713 232 222
714 353 361
715 20 193
716 139 385
717 61 303
718 135 202
719 360 325
720 100 79
721 175 232
722 250 104
723 232 315
724 226 171
725 239 383
726 116 13
727 38 0
728 276 55
729 158 311
730 156 0
731 387 354
732 63 272
733 231 81
734 376 266
735 20 83
736 228 186
737 309 253
738 189 304
739 349 30
740 270 344
741 227 247
742 331 378
743 47 331
744 311 169
745 71 54
746 119 374
747 159 40
748 164 167
749 340 82
750 93 319
751 40 99
752 116 285
753 217 390
754 36 357
755 355 323
756 393 132
757 306 183
758 29 161
759 329 268
760 314 236
761 375 13
762 332 194
763 89 258
764 57 141
765 353 366
766 237 96
767 326 199
768 377 261
769 28 126
770 318 14
771 289 172
772 111 117
773 379 359
774 219 46
775 320 28
776 51 338
777 331 5
778 385 145
779 216 106
780 16 113
781 171 149
782 368 363
783 146 138
784 379 9
785 359 156
786 265 217
787 211 190
788 122 382
789 324 365
790 179 284
791 125 42
792 190 158
793 192 318
794 19 163
795 291 124
796 72 55
797 399 276
798 145 55
799 393 3
800 223 382
801 79 25
802 115 23
803 117 57
804 310 242
805 38 216
806 375 209
807 103 65
808 31 198
809 378 121
810 55 104
811 47 33
812 78 180
813 109 329
814 69 260
815 132 194
816 217 364
817 353 105
818 77 42
819 28 326
820 280 89
821 256 10
822 220 288
823 339 381
824 239 175
825 398 78
826 102 334
827 48 387
828 11 201
829 281 357
830 169 75
831 382 259
832 252 99
833 11 351
834 51 284
835 372 353
836 231 106
837 190 34
838 84 202
839 70 92
840 192 293
841 383 383
842 239 133
843 381 146
844 177 387
845 251 209
846 356 39
847 101 393
848 87 160
849 365 206
850 346 307
851 334 186
852 316 177
853 34 332
854 366 115
855 302 190
856 46 332
857 359 346
858 131 121
859 56 241
860 25 328
861 106 55
862 59 301
863 275 23
864 377 116
865 100 264
866 379 392
867 281 12
868 73 15
869 377 16
870 183 35
871 264 388
872 55 82
873 355 44
874 45 171
875 220 354
876 253 185
877 157 383
878 201 107
879 105 230
880 16 89
881 391 274
882 81 367
883 246 32
884 45 35
885 41 307
886 372 213
887 174 267
888 224 238
889 129 187
890 73 292
891 386 174
892 23 280
893 154 34
894 179 141
895 238 334
896 235 17
897 346 64
898 197 121
899 194 339
900 164 263
901 104 341
902 174 379
903 140 116
904 147 391
905 90 68
906 54 338
907 69 311
908 71 256
909 178 326
910 219 223
911 121 40
912 278 193
913 6 326
914 350 238
915 55 127
916 75 343
917 354 15
918 279 61
919 254 206
920 68 223
921 223 157
922 37 316
923 114 194
924 382 69
925 272 377
926 141 358
927 290 167
928 263 147
929 93 178
930 111 26
931 179 280
932 11 213
933 363 338
934 226 52
935 1 160
936 188 79
937 58 24
938 253 204
939 260 362
940 15 281
941 19 319
942 69 53
943 105 398
944 53 69
945 215 228
946 120 303
947 78 56
948 75 243
949 178 220
950 259 343
951 175 361
952 395 278
953 261 63
954 261 183
955 297 234
956 327 173
957 247 348
958 211 359
959 354 120
960 76 324
961 228 196
962 229 261
963 54 132
964 361 211
965 221 276
966 301 56
967 52 355
968 348 187
969 96 40
970 393 211
971 374 124
972 285 81
973 171 63
974 223 158
975 312 6
976 388 84
977 34 299
978 182 69
979 203 242
980 216 253
981 175 60
982 145 326
983 243 367
984 213 293
985 360 240
986 86 90
987 119 72
988 4 41
989 226 62
990 134 340
991 70 305
992 179 242
993 116 113
994 172 381
995 386 207
996 141 370
997 20 321
998 291 57
999 0 190
1000 8 234
1001 78 265
1002 371 149
1003 252 163
1004 201 279
1005 162 246
1006 14 25
1007 239 11
1008 6 329
1009 311 73
1010 37 83
1011 383 380
1012 129 258
1013 345 253
