0 0 2 1 0 1 1 1 3 2 0 1 3 0 7
0 0 2 1 0 1 1 1 2 1 2 2 3 0 6 3 1 1
0 0 1 1 1 5 1 2 2 3 0 7 3 1 2
1 0 1 1 1 2 1 2 4 3 0 2 3 1 4
1 0 4 1 1 2 1 2 2 3 0 6
0 0 1 1 0 3 1 1 1 1 2 2 3 0 5 3 1 2
0 0 1 1 0 1 1 1 2 1 2 2 2 0 2 3 0 6
0 0 2 1 0 1 1 1 3 3 0 7 3 1 2
0 0 2 1 1 4 3 0 4 3 1 3
1 1 3 1 2 4 3 0 5 3 1 1
0 0 1 1 0 3 1 1 3 1 2 3 3 0 4 3 1 3
0 0 2 1 0 3 1 1 3 1 2 2 3 0 3
0 0 3 1 1 3 1 2 1 2 0 1 3 0 3
1 0 3 1 1 2 1 2 1 3 0 9 3 1 1
0 0 1 1 0 2 1 1 5 1 2 1 3 0 5 3 1 1
0 0 2 1 0 1 1 1 5 1 2 1 3 0 5 3 1 1
1 0 5 1 1 3 1 2 2 3 0 6 3 1 1
1 0 3 1 1 3 1 2 3 3 0 4
0 0 3 1 0 4 1 1 2 3 0 7 3 1 1
1 1 4 1 2 4 3 0 2 3 1 1
0 0 2 1 0 1 1 1 2 1 2 1 2 0 1 3 0 6
1 0 3 1 1 2 1 2 1 3 0 5 3 1 2
0 0 1 1 1 2 1 2 4 3 0 5 3 1 2
0 0 1 1 0 2 1 1 3 1 2 2 3 0 3 3 1 2
1 0 2 1 1 4 3 0 9 3 1 2
1 1 3 1 2 4 3 0 4 3 1 2
1 0 4 1 1 4 1 2 2 3 0 5
0 0 3 1 0 1 1 1 2 1 2 2 3 0 6
0 0 1 1 0 4 1 1 2 1 2 1 3 0 2 3 1 1
0 0 1 1 1 3 1 2 1 2 0 1 3 0 4 3 1 2
1 0 4 1 1 3 1 2 2 3 0 8
1 1 4 1 2 4 3 0 1 3 1 4
0 0 2 1 0 1 1 1 4 1 2 1 3 0 2 3 1 2
1 0 2 1 1 3 1 2 2 3 0 7 3 1 2
0 0 2 1 0 4 1 1 1 1 2 1 3 0 7
0 0 1 1 1 2 1 2 4 3 0 1 3 1 4
1 1 3 1 2 1 3 0 4 3 1 4
1 1 2 1 2 5 2 0 1 3 1 2
1 1 5 1 2 1 3 0 4 3 1 4
0 0 2 1 0 2 1 1 1 1 2 2 3 0 4 3 1 3
0 0 3 1 0 2 1 1 4 3 0 4 3 1 2
0 0 1 1 0 1 1 1 5 3 0 3 3 1 1
0 0 1 1 0 1 1 1 3 1 2 2 3 0 4
1 1 4 1 2 3 3 0 1 3 1 4
0 0 3 1 1 1 1 2 1 2 0 3 3 0 1 3 1 1
0 0 1 1 0 1 1 1 5 1 2 1 3 0 3 3 1 2
0 0 2 1 1 4 3 0 4 3 1 2
1 1 5 1 2 3 3 0 5 3 1 1
1 0 2 1 1 2 1 2 3 3 0 7
1 0 1 1 1 3 1 2 4 3 0 2 3 1 4
1 0 4 1 1 3 1 2 2 3 0 2 3 1 2
0 0 2 1 0 2 1 1 3 1 2 2 3 0 5
1 0 2 1 1 4 1 2 2 3 0 7
1 1 5 1 2 2 3 0 6 3 1 3
1 1 4 1 2 1 3 0 4 3 1 4
1 1 4 1 2 3 3 0 1 3 1 5
0 0 2 1 0 2 1 1 3 1 2 2 3 0 6
0 0 2 1 0 3 1 1 1 1 2 1 3 0 3 3 1 1
0 0 2 1 0 2 1 1 2 1 2 2 3 0 1 3 1 1
0 0 2 1 0 3 1 1 2 1 2 2 3 0 1 3 1 1
0 0 1 1 0 4 1 1 1 1 2 2 3 0 7 3 1 1
0 0 2 1 0 1 1 1 2 1 2 1 3 0 3 3 1 1
0 0 1 1 0 4 1 1 1 1 2 1 3 0 6 3 1 1
0 0 1 1 0 1 1 1 2 1 2 3 2 0 1 3 0 3 3 1 2
0 0 1 1 1 3 1 2 1 3 0 7 3 1 2
0 0 2 1 0 3 1 1 3 1 2 2 3 0 5 3 1 1
1 0 1 1 1 2 1 2 3 2 0 1 3 0 2 3 1 2
1 0 2 1 1 4 1 2 2 3 0 5
1 1 5 1 2 2 3 0 4 3 1 3
0 0 1 1 0 3 1 1 2 1 2 1 3 0 7 3 1 2
0 0 1 1 1 4 1 2 2 3 0 4 3 1 2
0 0 2 1 0 1 1 1 2 1 2 2 3 0 5 3 1 1
1 0 2 1 1 2 1 2 3 3 0 3 3 1 1
1 1 5 1 2 3 3 0 4 3 1 2
1 1 4 1 2 3 3 0 4 3 1 2
0 0 2 1 1 5 2 0 1 3 0 2 3 1 1
1 1 3 1 2 4 2 0 1 3 0 5 3 1 2
0 0 1 1 0 3 1 1 3 1 2 2 3 0 6
0 0 2 1 1 1 1 2 4 2 0 2 3 0 3
0 0 1 1 0 1 1 1 5 1 2 1 3 0 5 3 1 1
0 0 1 1 0 3 1 1 2 1 2 3 3 0 5 3 1 1
0 0 2 1 0 1 1 1 2 1 2 2 3 0 2 3 1 3
0 0 2 1 0 1 1 1 3 1 2 3 2 0 1 3 0 2
0 0 2 1 0 3 1 1 1 1 2 3 3 0 4 3 1 1
1 0 1 1 1 4 1 2 1 3 0 4 3 1 2
0 0 2 1 1 5 3 0 3 3 1 2
0 0 1 1 0 4 1 1 3 1 2 2 3 0 7
0 0 1 1 0 3 1 1 3 1 2 2 3 0 6
0 0 2 1 0 4 1 1 2 1 2 1 3 0 3
1 0 1 1 1 3 1 2 3 3 0 9
0 0 1 1 0 3 1 1 3 1 2 1 3 0 6
1 0 1 1 1 4 1 2 2 3 0 7
0 0 3 1 0 3 1 1 2 3 0 4
0 0 2 1 0 1 1 1 2 1 2 2 2 0 2 3 0 7
0 0 2 1 0 1 1 1 4 1 2 1 3 0 7
1 1 2 1 2 4 2 0 2 3 0 7
1 0 2 1 1 4 1 2 2 3 0 7
0 0 2 1 0 1 1 1 2 1 2 2 2 0 2 3 0 7
0 0 1 1 0 1 1 1 3 1 2 3 1 4 1 3 0 5
0 0 2 1 0 4 1 1 2 1 2 2 3 0 6
1 1 3 1 2 3 2 0 1 3 0 4
0 0 3 1 0 2 1 1 4 3 0 7
1 0 2 1 1 4 1 2 2 3 0 7
0 0 1 1 1 3 1 2 2 2 0 2 3 0 4
1 0 4 1 1 4 1 2 1 3 0 10
0 0 2 1 0 2 1 1 3 1 2 2 3 0 8
1 1 2 1 2 3 2 0 3 3 0 6
1 0 2 1 1 4 1 2 2 3 0 10
0 0 3 1 1 1 1 2 1 2 0 2 3 0 7
0 0 2 1 0 3 1 1 3 1 2 2 3 0 4
0 0 1 1 0 4 1 1 3 1 2 2 3 0 5
0 0 2 1 1 1 1 2 4 2 0 2 3 0 4
0 0 2 1 0 4 1 1 2 1 2 1 3 0 6
0 0 1 1 0 5 1 1 2 1 2 1 3 0 8
0 0 1 1 1 3 1 2 3 2 0 2 3 0 2
0 0 2 1 0 3 1 1 2 1 2 2 3 0 4
1 0 5 1 1 3 1 2 2 3 0 10
0 0 2 1 0 3 1 1 4 1 2 1 3 0 8
0 0 2 1 0 4 1 1 2 1 2 2 3 0 6
0 0 1 1 0 1 1 1 4 1 2 2 3 0 10
0 0 2 1 0 4 1 1 3 1 2 1 3 0 6
0 0 1 1 0 1 1 1 2 1 2 2 2 0 2 3 0 5
1 0 1 1 1 5 1 2 2 3 0 5
0 0 2 1 0 4 1 1 2 1 2 1 3 0 8
0 0 3 1 1 2 1 2 1 2 0 1 3 0 4
1 1 3 1 2 3 1 4 1 2 0 1 3 0 6
0 0 2 1 0 3 1 1 2 1 2 2 3 0 8
0 0 1 1 0 4 1 1 2 1 2 1 3 0 8
1 0 1 1 1 4 1 2 3 3 0 6
1 0 5 1 1 3 1 2 2 3 0 8
0 0 2 1 0 1 1 1 2 1 2 1 2 0 1 3 0 9
0 0 1 1 0 3 1 1 4 3 0 9
0 0 3 1 1 5 2 0 1 3 0 6
0 0 1 1 0 2 1 1 3 1 2 1 3 0 8
0 0 2 1 1 2 1 2 2 2 0 2 3 0 8
1 0 4 1 1 2 1 2 1 1 4 1 3 0 6
0 0 2 1 0 3 1 1 2 1 2 1 3 0 7
0 0 1 1 0 4 1 1 4 1 2 1 3 0 7
1 0 4 1 1 2 1 2 2 1 4 1 3 0 8
0 0 3 1 0 4 1 1 2 1 4 1 3 0 1
0 0 2 1 0 4 1 1 3 1 2 1 3 0 7
0 0 1 1 1 3 1 2 4 3 0 7
0 0 1 1 0 4 1 1 2 1 2 1 3 0 9
1 1 2 1 2 5 2 0 2 3 0 8
1 0 4 1 1 3 1 2 2 3 0 7
1 0 3 1 1 2 1 2 2 1 4 1 3 0 5
0 0 2 1 1 5 1 2 1 3 0 6
0 0 1 1 0 2 1 1 4 3 0 8
0 0 2 1 2 3 1 4 1 2 0 3 3 0 5
0 0 1 1 0 5 1 1 3 1 2 1 3 0 6
1 0 4 1 1 2 1 2 2 1 4 2 3 0 5
0 0 3 1 0 2 1 1 1 1 2 2 2 0 1 3 0 1
0 0 3 1 1 1 1 2 2 2 0 3 3 0 3
0 0 2 1 1 2 1 2 3 2 0 2 3 0 5
1 0 2 1 1 1 1 2 3 1 4 2 2 0 1 3 0 5
0 0 1 1 0 5 1 1 2 1 2 2 3 0 7
0 0 2 1 0 2 1 1 4 1 2 1 3 0 8
1 0 1 1 1 2 1 2 3 1 4 1 2 0 2 3 0 3
0 0 1 1 0 2 1 1 4 1 2 2 3 0 10
0 0 1 1 1 2 1 2 4 1 4 1 2 0 2 3 0 3
0 0 2 1 0 2 1 1 1 1 2 1 2 0 1 3 0 8
0 0 1 1 0 3 1 1 4 1 2 2 3 0 5
1 1 3 1 2 4 3 0 8
1 0 2 1 1 2 1 2 1 1 4 1 3 0 7
0 0 3 1 0 3 1 1 2 3 0 7
0 0 2 1 0 2 1 1 1 1 2 2 2 0 2 3 0 6
1 0 2 1 1 4 1 2 3 3 0 6
0 0 3 1 0 1 1 1 1 1 2 1 2 0 1 3 0 8
0 0 2 1 0 1 1 1 2 1 2 2 3 0 5
0 0 3 1 0 1 1 1 5 1 2 1 3 0 2
0 0 1 1 0 4 1 1 2 1 2 1 2 0 1 3 0 3 4 0 3
0 0 4 1 0 6 3 0 4 4 0 3
0 0 4 1 0 3 3 0 5 4 0 1
0 0 2 1 0 4 1 1 4 3 0 5
0 0 3 1 0 1 1 1 4 2 0 1 3 0 6 4 0 1
0 0 3 1 0 5 1 1 3 3 0 3 4 0 2
0 0 3 1 0 5 3 0 4 4 0 5
0 0 1 1 0 5 1 1 2 3 0 5 4 0 5
0 0 2 1 0 6 1 1 1 3 0 7 4 0 3
0 0 4 1 0 4 2 0 1 3 0 4 4 0 4
0 0 2 1 0 2 1 1 3 3 0 7
0 0 5 1 0 4 1 1 1 3 0 2 4 0 2
0 0 2 1 0 7 3 0 5 4 0 6
0 0 3 1 0 1 1 1 4 3 0 2 4 0 1
0 0 1 1 0 7 1 1 2 3 0 8 4 0 2
0 0 1 1 0 3 1 1 4 3 0 8 4 0 1
0 0 6 1 0 5 4 0 2
0 0 2 1 0 2 1 1 5 3 0 9
0 0 3 1 0 6 3 0 5 4 0 4
0 0 2 1 0 5 3 0 2 4 0 4
0 0 3 1 0 7 1 1 1 3 0 7 4 0 2
0 0 2 1 0 5 1 1 1 3 0 5 4 0 3
0 0 3 1 0 6 3 0 1 4 0 6
0 0 3 1 0 7 1 1 1 3 0 3 4 0 4
0 0 1 1 0 3 1 1 3 3 0 6 4 0 3
0 0 4 1 0 6 3 0 6 4 0 3
0 0 3 1 0 6 3 0 5 4 0 3
0 0 5 1 0 7 3 0 3
0 0 2 1 0 5 1 1 2 3 0 2 4 0 2
0 0 3 1 0 6 3 0 4 4 0 3
0 0 2 1 0 8 3 0 4 4 0 4
0 0 2 1 0 5 3 0 5 4 0 6
0 0 2 1 0 6 1 1 2 3 0 4 4 0 2
0 0 4 1 0 4 1 1 1 3 0 2 4 0 2
0 0 2 1 0 4 1 1 2 3 0 4 4 0 3
0 0 2 1 0 3 1 1 1 2 0 1 3 0 4 4 0 2
0 0 4 1 0 5 3 0 1 4 0 4
0 0 5 1 0 2 1 1 1 4 0 3
0 0 4 1 0 6 1 1 1 3 0 5 4 0 2
0 0 4 1 0 3 2 0 1 3 0 2 4 0 4
0 0 1 1 0 2 1 1 4 3 0 5
0 0 5 1 0 3 1 1 1 4 0 3
0 0 4 1 0 3 1 1 2 3 0 3
0 0 2 1 0 3 1 1 3 3 0 6 4 0 1
0 0 2 1 0 5 1 1 1 3 0 5 4 0 4
0 0 1 1 0 6 1 1 1 3 0 7 4 0 3
0 0 1 1 0 3 1 1 4 3 0 4 4 0 2
0 0 4 1 0 4 1 1 1 3 0 1 4 0 3
0 0 2 1 0 7 3 0 6 4 0 4
0 0 3 1 0 1 1 1 3 3 0 4 4 0 3
0 0 3 1 0 3 1 1 2 3 0 4 4 0 2
0 0 3 1 0 6 1 1 1 3 0 6 4 0 1
0 0 3 1 0 2 1 1 2 2 0 1 3 0 7
0 0 2 1 0 5 1 1 3 3 0 8
0 0 4 1 0 3 2 0 1 3 0 3 4 0 3
0 0 3 1 0 7 1 1 1 3 0 6 4 0 2
0 0 4 1 0 3 2 0 1 4 0 4
0 0 3 1 0 3 1 1 1 2 0 1 3 0 2 4 0 4
0 0 4 1 0 5 4 0 3
0 0 2 1 0 5 1 1 2 3 0 4 4 0 1
0 0 4 1 0 3 4 0 4
0 0 1 1 0 4 1 1 3 3 0 9
0 0 1 1 0 2 1 1 3 3 0 6 4 0 3
0 0 2 1 0 6 1 1 2 3 0 9
0 0 1 1 0 3 1 1 3 3 0 5 4 0 2
0 0 3 1 0 4 3 0 3 4 0 2
0 0 4 1 0 5 2 0 1 4 0 4
0 0 3 1 0 5 3 0 5 4 0 5
0 0 2 1 0 6 1 1 2 3 0 5 4 0 1
0 0 3 1 0 6 3 0 1 4 0 4
0 0 3 1 0 7 1 1 1 3 0 2 4 0 4
0 0 3 1 0 7 3 0 4 4 0 3
0 0 4 1 0 3 1 1 1 3 0 3 4 0 1
0 0 1 1 0 3 1 1 2 3 0 6 4 0 4
0 0 3 1 0 3 1 1 2 3 0 7 4 0 1
0 0 3 1 0 8 3 0 6 4 0 2
0 0 3 1 0 2 1 1 2 2 0 1 3 0 4 4 0 2
0 0 2 1 0 6 3 0 6 4 0 2
0 0 2 1 0 2 1 1 4 2 0 1 3 0 5
0 0 2 1 0 6 1 1 1 3 0 5 4 0 2
0 0 2 1 0 6 1 1 2 3 0 4 4 0 3
0 0 3 1 0 6 1 1 2 3 0 6 4 0 1
0 0 2 1 0 4 1 1 3 3 0 6 4 0 3
0 0 1 1 0 4 1 1 2 3 0 7 4 0 1
0 0 2 1 0 3 1 1 2 2 0 1 3 0 5
0 0 4 1 0 2 2 0 2 3 0 3 4 0 3
0 0 1 1 0 3 1 1 3 3 0 7 4 0 2
0 0 2 1 0 3 1 1 3 3 0 7
0 0 4 1 0 5 1 1 1 3 0 1 4 0 4
0 0 4 1 0 4 3 0 1 4 0 4
0 0 3 1 0 2 1 1 4 3 0 8
0 0 2 1 0 4 1 1 1 3 0 5 4 0 3
0 0 2 1 0 6 1 1 2 3 0 4 4 0 3
0 0 6 1 0 6 4 0 2
0 0 1 1 0 8 1 1 1 3 0 5 4 0 4
0 0 5 1 0 5 2 0 1 4 0 3
0 0 2 1 0 5 1 1 2 3 0 4 4 0 3
0 0 3 1 0 2 1 1 1 2 0 1 3 0 1 4 0 4
0 0 1 1 0 6 1 1 2 3 0 7 4 0 1
0 0 3 1 0 5 1 1 1 3 0 3 4 0 2
0 0 3 1 0 6 1 1 2 3 0 8
0 0 3 1 0 3 3 0 3 4 0 5
0 0 1 1 0 4 1 1 3 3 0 10
0 0 1 1 0 6 1 1 1 3 0 6 4 0 3
0 0 2 1 0 3 1 1 3 3 0 4 4 0 2
0 0 2 1 0 4 1 1 2 3 0 4 4 0 3
0 0 2 1 0 7 1 1 1 3 0 3 4 0 5
0 0 2 1 0 5 1 1 1 3 0 5 4 0 2
0 0 1 1 0 3 1 1 3 3 0 4 4 0 2
0 0 2 1 0 3 1 1 2 3 0 4 4 0 2
0 0 2 1 0 5 1 1 2 3 0 2 4 0 2
0 0 1 1 0 5 1 1 3 3 0 9 4 0 2
0 0 2 1 0 4 1 1 1 3 0 2 4 0 4
0 0 2 1 0 6 3 0 2 4 0 6
0 0 2 1 0 4 1 1 1 3 0 2 4 0 4
0 0 4 1 0 3 1 1 3 2 0 1 3 0 1 4 0 2
0 0 3 1 0 1 1 1 4 2 0 1 3 0 6
0 0 2 1 0 8 3 0 5 4 0 5
0 0 2 1 0 4 3 0 3 4 0 4
0 0 2 1 0 5 1 1 2 3 0 8
0 0 2 1 0 3 1 1 2 3 0 3 4 0 2
0 0 4 1 0 7 3 0 5 4 0 4
0 0 3 1 0 4 3 0 3 4 0 5
0 0 3 1 0 6 1 1 1 3 0 2 4 0 4
0 0 5 1 0 7 4 0 2
0 0 3 1 0 5 1 1 1 3 0 2 4 0 2
0 0 3 1 0 3 1 1 3 2 0 1 4 0 2
0 0 3 1 0 4 1 1 2 3 0 2 4 0 4
0 0 2 1 0 5 1 1 2 3 0 7 4 0 1
0 0 2 1 0 4 1 1 3 3 0 7
0 0 3 1 0 3 1 1 1 3 0 3 4 0 3
0 0 4 1 0 6 1 1 1 3 0 4 4 0 1
0 0 3 1 0 4 1 1 1 3 0 2 4 0 3
0 0 5 1 0 4 3 0 2 4 0 2
0 0 3 1 0 1 1 1 4 2 0 1 3 0 4 4 0 1
0 0 3 1 0 4 1 1 3 3 0 1 4 0 2
0 0 1 1 0 6 1 1 3 3 0 7
0 0 2 1 0 3 1 1 4 3 0 8 4 0 1
0 0 3 1 0 5 1 1 1 3 0 5 4 0 4
0 0 3 1 0 5 3 0 4 4 0 4
0 0 3 1 0 4 1 1 1 3 0 5 4 0 2
0 0 2 1 0 3 1 1 2 3 0 4 4 0 2
0 0 3 1 0 8 4 0 3
0 0 5 1 0 7 3 0 1 4 0 2
0 0 4 1 0 6 1 1 1 3 0 2 4 0 3
0 0 3 1 0 3 1 1 4 3 0 9
0 0 3 1 0 4 1 1 2 3 0 8
0 0 3 1 0 3 1 1 1 3 0 2 4 0 4
0 0 4 1 0 4 1 1 1 3 0 1 4 0 1
0 0 3 1 0 5 1 1 2 3 0 5 4 0 4
0 0 2 1 0 3 1 1 3 3 0 6 4 0 2
0 0 1 1 0 4 1 1 1 3 0 4 4 0 4
0 0 3 1 0 5 1 1 2 3 0 7
0 0 2 1 0 2 1 1 3 3 0 3 4 0 2
0 0 4 1 0 4 3 0 3 4 0 3
0 0 2 1 0 4 1 1 1 3 0 5 4 0 1
0 0 3 1 0 4 1 1 3 3 0 1
0 0 2 1 0 4 1 1 1 3 0 5 4 0 1
0 0 2 1 0 4 1 1 2 3 0 5 4 0 1
0 0 4 1 0 5 1 1 1 3 0 4 4 0 1
0 0 3 1 0 5 1 1 1 3 0 8 4 0 1
0 0 3 1 0 5 1 1 2 3 0 3 4 0 4
0 0 2 1 0 5 1 1 2 3 0 4 4 0 1
0 0 3 1 0 6 1 1 2 3 0 8 4 0 1
0 0 4 1 0 3 1 1 1 3 0 3
0 0 2 1 0 3 1 1 2 3 0 5 4 0 2
0 0 2 1 0 3 1 1 1 3 0 5 4 0 1
0 0 5 1 0 6 3 0 1 4 0 3
0 0 3 1 0 7 1 1 1 3 0 4 4 0 2
0 0 3 1 0 4 1 1 1 3 0 3 4 0 3
0 0 3 1 0 3 1 1 3 3 0 6 4 0 1
0 0 2 1 0 4 1 1 2 3 0 5 4 0 3
0 0 2 1 0 4 1 1 3 3 0 4 4 0 4
0 0 1 1 0 2 1 1 4 3 0 8
0 0 2 1 0 5 1 1 1 3 0 4 4 0 4
0 0 2 1 0 2 1 1 4 3 0 5
0 0 2 1 0 3 1 1 3 3 0 5 4 0 1
0 0 1 1 0 6 1 1 2 3 0 6 4 0 4
0 0 3 1 0 4 3 0 1 4 0 4
0 0 3 1 0 4 1 1 2 3 0 3
0 0 3 1 0 7 4 0 4
0 0 3 1 0 4 3 0 1 4 0 3
0 0 2 1 0 3 1 1 3 3 0 7
0 0 1 1 0 5 1 1 3 3 0 5 4 0 2
0 0 4 1 0 4 1 1 1 4 0 3
0 0 1 1 0 5 1 1 2 3 0 4 4 0 5
0 0 3 1 0 5 1 1 2 3 0 7
0 0 3 1 0 3 1 1 2 3 0 3 4 0 2
0 0 2 1 0 6 1 1 2 3 0 7
0 0 3 1 0 5 1 1 1 4 0 4
0 0 3 1 0 4 1 1 1 3 0 8
0 0 2 1 0 5 1 1 2 3 0 9
0 0 4 1 0 4 3 0 5 4 0 4
0 0 4 1 0 6 3 0 3 4 0 4
0 0 1 1 0 5 1 1 2 3 0 5 4 0 3
0 0 6 1 0 7 4 0 1
0 0 3 1 0 6 3 0 5 4 0 3
0 0 2 1 0 3 1 1 3 3 0 2 4 0 2
0 0 4 1 0 4 3 0 1 4 0 4
0 0 2 1 0 5 1 1 1 3 0 4 4 0 1
0 0 2 1 0 3 1 1 2 3 0 5 4 0 2
0 0 3 1 0 6 3 0 6 4 0 2
0 0 2 1 0 5 1 1 2 3 0 1 4 0 3
0 0 2 1 0 6 1 1 2 3 0 3 4 0 4
0 0 2 1 0 6 3 0 2 4 0 6
0 0 4 1 0 6 3 0 4 4 0 3
0 0 3 1 0 8 1 1 1 4 0 4
0 0 3 1 0 4 1 1 2 3 0 6
0 0 4 1 0 5 3 0 5 4 0 2
0 0 5 1 0 4 3 0 1 4 0 3
0 0 1 1 0 4 1 1 3 3 0 7 4 0 2
0 0 3 1 0 5 1 1 2 3 0 8
0 0 3 1 0 5 1 1 1 3 0 5 4 0 3
0 0 3 1 0 5 1 1 3 3 0 7
0 0 4 1 0 3 1 1 1 3 0 6 4 0 3
0 0 1 1 0 7 1 1 2 3 0 5 4 0 3
0 0 1 1 0 5 1 1 3 3 0 10 4 0 1
0 0 3 1 0 4 1 1 3 3 0 8
0 0 12 1 0 2 1 1 1
0 0 10 1 0 2 1 1 2
0 0 7 1 0 5 4 0 2
0 0 3 1 0 5 1 1 1 4 0 6
0 0 11 1 0 3
0 0 10 1 0 3
0 0 5 1 0 7 4 0 4
0 0 12 1 0 3
0 0 8 1 0 4 1 1 2
0 0 10 1 0 5
0 0 10 1 0 5
0 0 9 1 0 2 1 1 3
0 0 9 1 0 4 1 1 2
0 0 4 1 0 4 1 1 2 4 0 4
0 0 3 1 0 4 4 0 6
0 0 12 1 0 2
0 0 2 1 0 5 1 1 1 4 0 6
0 0 6 1 0 5 4 0 3
0 0 2 1 0 5 1 1 1 4 0 7
0 0 10 1 0 2
0 0 4 1 0 4 4 0 3
0 0 4 1 0 3 1 1 2 4 0 3
0 0 7 1 0 1 1 1 3
0 0 4 1 0 5 4 0 5
0 0 5 1 0 2 1 1 1 4 0 3
0 0 10 1 0 5
0 0 8 1 0 5
0 0 5 1 0 5 4 0 4
0 0 3 1 0 8 4 0 6
0 0 6 1 0 5 4 0 2
0 0 6 1 0 5 4 0 2
0 0 4 1 0 6 4 0 3
0 0 9 1 0 5
0 0 7 1 0 6 4 0 1
0 0 4 1 0 7 4 0 6
0 0 7 1 0 5 4 0 1
0 0 4 1 0 6 4 0 5
0 0 8 1 0 6
0 0 4 1 0 5 4 0 6
0 0 10 1 0 5
0 0 8 1 0 5 4 0 1
0 0 5 1 0 7 4 0 5
0 0 6 1 0 6 4 0 3
0 0 11 1 0 5
0 0 7 1 0 5 4 0 2
0 0 3 1 0 7 4 0 6
0 0 3 1 0 7 4 0 6
0 0 4 1 0 8 4 0 5
0 0 4 1 0 5 4 0 6
0 0 4 1 0 6 4 0 6
0 0 11 1 0 3
0 0 6 1 0 6 4 0 1
0 0 6 1 0 6 4 0 2
0 0 12 1 0 4
0 0 12 1 0 5
0 0 5 1 0 7 4 0 4
0 0 4 1 0 4 4 0 4
0 0 13 1 0 4
0 0 4 1 0 7 4 0 4
0 0 6 1 0 4 4 0 1
0 0 6 1 0 4 4 0 4
0 0 5 1 0 4 4 0 3
0 0 13 1 0 5
0 0 11 1 0 5
0 0 5 1 0 6 4 0 3
0 0 12 1 0 5
0 0 3 1 0 3 4 0 5
0 0 12 1 0 4
0 0 12 1 0 4
0 0 7 1 0 5 4 0 1
0 0 8 1 0 3 4 0 2
0 0 11 1 0 4
0 0 6 1 0 5 4 0 3
0 0 6 1 0 6 4 0 3
0 0 10 1 0 4
0 0 5 1 0 4 4 0 5
0 0 6 1 0 6 4 0 3
0 0 5 1 0 5 4 0 6
0 0 12 1 0 4
0 0 4 1 0 5 4 0 7
0 0 6 1 0 3 4 0 2
0 0 8 1 0 5 4 0 2
0 0 11 1 0 4
0 0 12 1 0 4
0 0 12 1 0 4
0 0 11 1 0 5
0 0 5 1 0 6 4 0 4
0 0 3 1 0 8 4 0 7
0 0 11 1 0 5
0 0 4 1 0 4 4 0 4
0 0 11 1 0 5
0 0 8 1 0 3 4 0 1
0 0 12 1 0 4
0 0 12 1 0 4
0 0 6 1 0 4 4 0 4
0 0 5 1 0 4 4 0 6
0 0 12 1 0 4
0 0 7 1 0 7 4 0 1
0 0 12 1 0 3
0 0 6 1 0 6 4 0 1
0 0 6 1 0 6 4 0 2
0 0 6 1 0 4 4 0 4
0 0 12 1 0 3
0 0 10 1 0 3 4 0 1
0 0 5 1 0 5 4 0 6
0 0 9 1 0 5 4 0 1
0 0 6 1 0 5 4 0 3
0 0 12 1 0 2
0 0 2 1 0 4 4 0 7
0 0 8 1 0 2 4 0 1
0 0 4 1 0 6 4 0 6
0 0 8 1 0 5
0 0 5 1 0 5 4 0 2
0 0 5 1 0 4 4 0 4
0 0 7 1 0 4 4 0 3
0 0 6 1 0 7 4 0 1
0 0 7 1 0 4 4 0 4
0 0 6 1 0 5 4 0 3
0 0 9 1 0 6
0 0 9 1 0 5
0 0 4 1 0 4 4 0 4
0 0 6 1 0 4 4 0 2
0 0 9 1 0 5
0 0 5 1 0 7
0 0 10 1 0 4
0 0 6 1 0 6 4 0 4
0 0 4 1 0 5 4 0 7
0 0 5 1 0 7 4 0 4
0 0 11 1 0 5
0 0 11 1 0 3
0 0 12 1 0 5
0 0 11 1 0 5
0 0 10 1 0 5
0 0 10 1 0 5
0 0 11 1 0 5
0 0 9 1 0 5
0 0 10 1 0 4
0 0 5 1 0 5 4 0 4
0 0 5 1 0 2 4 0 5
0 0 6 1 0 5 4 0 1
0 0 5 1 0 6 4 0 3
0 0 5 1 0 7 4 0 2
0 0 6 1 0 6 4 0 3
0 1 12 1 0 6 2 1 12 4 0 8
0 1 8 1 0 3 2 1 10 4 0 8
0 1 8 1 0 6 2 1 10 4 0 6
0 1 11 1 0 5 2 1 12 4 0 11
0 1 5 1 0 4 2 1 26 4 0 6
0 1 3 1 0 5 1 3 1 2 1 20 4 0 8
0 1 8 1 3 12 2 1 25 4 0 6
0 1 12 1 3 6 2 1 20 4 0 6
0 1 12 1 3 11 2 1 16 4 0 6
0 1 4 1 3 15 2 1 26 4 0 8
1 3 12 2 1 25 4 0 11
0 1 5 1 3 12 2 1 22 4 0 5
0 1 4 1 3 8 2 1 28 4 0 10
0 1 11 1 3 11 2 1 12 4 0 8
0 1 6 1 3 13 2 1 20 4 0 6
0 1 6 1 3 9 2 1 16 4 0 7
0 1 16 1 3 12 2 1 12 4 0 8
0 1 12 1 3 5 2 1 14 4 0 6
0 1 4 1 3 7 2 1 21 4 0 5
0 1 9 1 3 12 2 1 24 4 0 7
0 1 6 1 3 6 2 1 25 4 0 11
0 1 15 1 3 10 2 1 14 4 0 10
0 1 4 1 3 10 2 1 23 4 0 10
0 1 9 1 3 12 2 1 28 4 0 7
0 1 3 1 3 11 2 1 22 4 0 10
0 1 5 1 3 11 2 1 28 4 0 6
0 1 5 1 3 8 2 1 20 4 0 6
0 1 8 1 3 6 2 1 21 4 0 9
0 1 13 1 3 8 2 1 10 4 0 11
0 1 9 1 3 9 2 1 29 4 0 8
0 1 13 1 3 11 2 1 17 4 0 10
0 1 10 1 3 13 2 1 23 4 0 6
0 1 10 1 3 8 2 1 20 4 0 6
0 1 6 1 3 6 2 1 13 4 0 6
0 1 7 1 3 11 2 1 19 4 0 8
0 1 12 1 3 9 2 1 14 4 0 9
0 1 9 1 3 12 2 1 23 4 0 11
1 3 14 2 1 24 4 0 9
0 1 12 1 3 13 2 1 14 4 0 11
0 1 7 1 3 7 2 1 14 4 0 6
0 1 3 1 3 7 2 1 18 4 0 10
0 1 10 1 3 7 2 1 18 4 0 7
0 1 12 1 3 11 2 1 20 4 0 6
0 1 4 1 3 13 2 1 19 4 0 9
0 1 2 1 3 7 2 1 20 4 0 11
0 1 10 1 3 6 2 1 20 4 0 10
0 1 8 1 3 7 2 1 20 4 0 8
0 1 11 1 3 16 2 1 22 4 0 7
0 1 5 1 3 12 2 1 25 4 0 8
0 1 9 1 3 15 2 1 16 4 0 11
0 1 5 1 3 15 2 1 21 4 0 5
0 1 10 1 3 15 2 1 27 4 0 11
0 1 5 1 3 13 2 1 22 4 0 6
0 1 14 1 3 13 2 1 13 4 0 4
0 1 14 1 3 7 2 1 19 4 0 7
0 1 5 1 3 15 2 1 29 4 0 7
0 1 5 1 3 11 2 1 20 4 0 7
0 1 2 1 3 14 2 1 25 4 0 8
0 1 13 1 3 15 2 1 16 4 0 6
1 3 8 2 1 27 4 0 7
0 1 11 1 3 10 2 1 13 4 0 10
0 1 4 1 3 11 2 1 29 4 0 6
0 1 8 1 3 7 2 1 22 4 0 7
0 1 11 1 3 11 2 1 12 4 0 10
0 1 4 1 3 11 2 1 23 4 0 5
0 1 6 1 3 11 2 1 13 4 0 11
0 1 3 1 3 6 2 1 29 4 0 8
0 1 9 1 3 15 2 1 15 4 0 8
0 1 12 1 3 10 2 1 15 4 0 8
0 1 7 1 3 6 2 1 11 4 0 9
0 1 4 1 3 7 2 1 25 4 0 8
0 1 11 1 3 15 2 1 16 4 0 5
0 1 14 1 3 6 2 1 15 4 0 10
0 1 4 1 3 8 2 1 24 4 0 11
0 1 7 1 3 10 2 1 12 4 0 8
0 1 10 1 3 15 2 1 22 4 0 6
0 1 4 1 3 15 2 1 19 4 0 10
0 1 12 1 3 6 2 1 17 4 0 7
0 1 8 1 3 7 2 1 14 4 0 10
0 1 11 1 3 5 2 1 17 4 0 7
0 1 10 1 3 9 2 1 23 4 0 7
0 1 5 1 3 12 2 1 29 4 0 9
0 1 6 1 3 6 2 1 29 4 0 8
1 3 10 2 1 33 4 0 10
1 3 15 2 1 57 4 0 7
1 3 9 2 1 14 4 0 4
4 0 4
1 3 1 4 0 6
4 0 2
1 3 6 4 0 7
1 3 1 4 0 6
1 3 3 4 0 2
1 3 7 4 0 6
4 0 6
1 3 4 4 0 1
1 3 1 4 0 1
1 3 5 4 0 3
1 3 1 4 0 6
1 3 1 4 0 4
1 3 6 4 0 2
1 3 6 4 0 2
1 3 7 4 0 2
1 3 7 4 0 7
4 0 9

1 3 7 4 0 2
1 3 4 4 0 4
4 0 6
1 3 3 4 0 5
1 3 5 4 0 4
1 3 4 4 0 7
1 3 1 4 0 3
1 3 5 4 0 3
1 3 6 4 0 2
1 3 5 4 0 2
1 3 9 4 0 4
1 3 3 4 0 3
1 3 6 4 0 2
4 0 7
1 3 6 4 0 1
1 3 2 4 0 4
1 3 9 4 0 2
1 3 8 4 0 5
1 3 2
1 3 2 4 0 6
1 3 6 4 0 3
1 3 4 4 0 5

1 3 4
1 3 2 4 0 6
4 0 1
4 0 6
1 3 4
1 3 4 4 0 2
1 3 10 4 0 8
1 3 6 4 0 1
1 3 5 4 0 3
1 3 4 4 0 5
4 0 2

1 3 2 4 0 2
1 3 4
4 0 4
1 3 6 4 0 2
4 0 1
4 0 8
1 3 1 4 0 3
1 3 8 4 0 4
4 0 4
1 3 2 4 0 8
1 3 7 4 0 5
1 3 2 4 0 6
1 3 6 4 0 4
1 3 4 4 0 3
1 3 5 4 0 6
4 0 3
1 3 6 4 0 6
1 3 5 4 0 5
1 3 3 4 0 7
1 3 4 4 0 1
1 3 5 4 0 6
4 0 5
1 3 8 4 0 3
4 0 6
1 3 5
4 0 2
4 0 2
1 3 6 4 0 8
4 0 5
1 3 2 4 0 3
1 3 7 4 0 5
4 0 5
4 0 5
1 3 5 4 0 1
4 0 4
1 3 4 4 0 9
1 3 6 4 0 2
1 3 5 4 0 7
1 3 5 4 0 5
1 3 5 4 0 2
1 3 4
1 3 5
1 3 3
1 3 5
1 3 4
1 3 9
1 3 7
1 3 4


1 3 4

1 3 2
1 3 7
1 3 4
1 3 6
1 3 8
1 3 7

1 3 8
1 3 2
1 3 9

1 3 7
1 3 18

1 3 5
1 3 5
1 3 9
1 3 14
1 3 8

1 3 4
1 3 3


1 3 7




1 3 1

1 3 1
1 3 5
1 3 2
1 3 9
1 3 6
1 3 13
1 3 7
1 3 4
1 3 6
1 3 17

1 3 6

1 3 15
1 3 4
1 3 6
1 3 13
1 3 16
1 3 7



































































































































































































































